[M82b]
[search]
99 3E 00 00 00 00 00 00 5C 43 00 00 28 42 00 00 B4 42 78 00 00 00 00 00 00 00 9A 99 19 3F 00 00 80 3E 00 00 00 00 04 00 00 00 00 00 80 3F 00 00 20 41 00 00 34 42 01 00 00 00 01 00 00 00 00 00 00 00 00 00 00 00 00 00 80 3F 9A 99 19 3F CD CC 8C 3F 00 00 80 3F 00 00 00 00 66 66 66 3F 00 00 80 3F 00 00 80 3F 00 00 00 00 00 00 00 00 00 00 00 00 00 00 00 00 00 00 00 00 00 00 00 00 00 00 80 3F 00 00 80 3F 00 00 80 3F 00 00 00 00 01 00 00
[replace]
99 3E 00 00 00 00 00 00 5C 43 00 00 28 42 00 00 B4 42 78 00 00 00 00 00 00 00 9A 99 19 1B 00 00 80 10 00 00 00 00 04 00 00 00 00 00 80 3F 00 00 20 41 00 00 34 42 01 00 00 00 01 00 00 00 00 00 00 00 00 00 00 00 00 00 80 3F 9A 99 19 3F CD CC 8C 3F 00 00 80 3F 00 00 00 00 66 66 66 3F 00 00 80 3F 00 00 80 3F 00 00 00 00 00 00 00 00 00 00 00 00 00 00 00 00 00 00 00 00 00 00 00 00 00 00 80 3F 00 00 80 3F 00 00 80 3F 00 00 00 00 01 00 00

[Awm-N]
[search]
0A D7 A3 3D 00 00 00 00 00 00 5C 43 00 00 90 42 00 00 B4 42 96 00 00 00 00 00 00 00 00 00 00 3F 00 00 80 3E 00 00 00 00 04 00 00 00 00 00 80 3F 00 00 20 41 00 00 34 42 01 00 00 00 01 00 00 00 00 00 00 00 00 00 00 00 00 00 80 3F 0A D7 23 3F 9A 99 99 3F 00 00 80 3F 00 00 00 00 00 00 80 3F 00 00 80 3F 00 00 80 3F 00 00 00 00 00 00 00 00 00 00 00 3F 00 00 00 00 00 00 00 00 00 00 00 00 00 00 80 3F 00 00 80 3F 00 00 80 3F 00 00
[replace]
0A D7 A3 3D 00 00 00 00 00 00 5C 43 00 00 90 42 00 00 B4 42 96 00 00 00 00 00 00 00 EC 51 B8 3D 8F C2 F5 3C 00 00 00 00 04 00 00 00 00 00 80 3F 00 00 20 41 00 00 34 42 01 00 00 00 01 00 00 00 00 00 00 00 00 00 00 00 00 00 80 3F 0A D7 23 3F 9A 99 99 3F 00 00 80 3F 00 00 00 00 00 00 80 3F 00 00 80 3F 00 00 80 3F 00 00 00 00 00 00 00 00 00 00 00 3F 00 00 00 00 00 00 00 00 00 00 00 00 00 00 80 3F 00 00 80 3F 00 00 80 3F 00 00

[Awm-Y]
[search]
20 ?? ?? ?? 00 00 00 00 FF FF FF FF 00 00 00 00 ?? ?? ?? ?? C8 00 00 00 00 00 00 00 00 00 00 00 00 00 00 00 00 00 00 00 05 00 00 00 01 00 00 00 B4 C8 D6 3F 01 00 00 00 B4 C8 D6 3F 00 00 00 00 B4 C8 D6 3F 00 00 80 3F 00 00 80 3F 0A D7 A3 3D 00 00 00 00 00 00 5C 43 00 00 90 42 00 00 B4 42 96 00 00 00 00 00 00 00 00 00 00 3F 00 00 80 3E 00 00 00 00 04 00 00 00 00 00 80 3F 00 00 20 41 00 00 34 42 01 00 00 00 01 00 00 00 00 00 00 00 00 00 00 00 00 00 80 3F 8F C2 35 3F 9A 99 99 3F 00 00 80 3F 00 00 00 00 00 00 80 3F 00 00 80 3F 00 00 80 3F 00 00 00 00 00 00 00 00 00 00 00 3F 00 00 00 00 00 00 00 00 00 00 00 00 00 00 80 3F 00 00 80 3F 00 00 80 3F
[replace]
20 ?? ?? ?? 00 00 00 00 FF FF FF FF 00 00 00 00 ?? ?? ?? ?? C8 00 00 00 00 00 00 00 00 00 00 00 00 00 00 00 00 00 00 00 05 00 00 00 01 00 00 00 B4 C8 D6 3F 01 00 00 00 B4 C8 D6 3F 00 00 00 00 B4 C8 D6 3F 00 00 80 3F 00 00 80 3F 0A D7 A3 3D 00 00 00 00 00 00 5C 43 00 00 90 42 00 00 B4 42 96 00 00 00 00 00 00 00 EC 51 B8 3D 8F C2 F5 3C 00 00 00 00 04 00 00 00 00 00 80 3F 00 00 20 41 00 00 34 42 01 00 00 00 01 00 00 00 00 00 00 00 00 00 00 00 00 00 80 3F 8F C2 35 3F 9A 99 99 3F 00 00 80 3F 00 00 00 00 00 00 80 3F 00 00 80 3F 00 00 80 3F 00 00 00 00 00 00 00 00 00 00 00 3F 00 00 00 00 00 00 00 00 00 00 00 00 00 00 80 3F 00 00 80 3F 00 00 80 3F
